-010 0
011 0
012 0
-013 0
014 0
-015 0
016 0
017 0
-018 0
019 0
0110 0
-0111 0
-0112 0
-0113 0
-0114 0
-0115 0
-0116 0
-0117 0
-0118 0
-0119 0
-0120 0
0121 0
-0122 0
0123 0
-0124 0
100 101 102 103 104 105 106 107 108 109 1010 1011 1012 1013 1014 1015 1016 1017 1018 1019 1020 1021 1022 1023 1024 1025 1026 1027 1028 1029 1030 1031 0
-100 010 0
-100 011 0
-100 012 0
-101 015 0
-101 016 0
-102 013 0
-103 014 0
-103 0110 0
-103 012 0
-104 015 0
-104 014 0
-105 013 0
-105 016 0
-106 0114 0
-106 014 0
-107 0111 0
-107 016 0
-108 013 0
-108 014 0
-109 0117 0
-109 016 0
-109 012 0
-1010 0118 0
-1010 017 0
-1010 012 0
-1011 0119 0
-1011 011 0
-1011 012 0
-1012 0120 0
-1012 016 0
-1012 012 0
-1013 017 0
-1013 0121 0
-1013 012 0
-1014 0122 0
-1014 014 0
-1014 012 0
-1015 0114 0
-1016 011 0
-1016 019 0
-1016 012 0
-1017 0114 0
-1017 017 0
-1018 0124 0
-1018 014 0
-1018 012 0
-1019 015 0
-1019 011 0
-1020 0111 0
-1021 013 0
-1021 017 0
-1022 0114 0
-1022 011 0
-1023 0111 0
-1023 017 0
-1024 018 0
-1024 017 0
-1024 012 0
-1025 0111 0
-1025 011 0
-1026 0112 0
-1026 017 0
-1026 012 0
-1027 0113 0
-1027 011 0
-1027 012 0
-1028 016 0
-1028 0123 0
-1028 012 0
-1029 015 0
-1030 0115 0
-1030 016 0
-1030 012 0
-1031 0116 0
-1031 014 0
-1031 012 0
-100 113 0
-100 114 0
-100 111 0
-100 112 0
-100 110 0
-101 115 0
-101 116 0
-101 117 0
-101 112 0
-101 118 0
-102 113 0
-102 111 0
-102 112 0
-102 119 0
-103 1110 0
-103 114 0
-103 112 0
-103 1111 0
-104 115 0
-104 114 0
-104 117 0
-104 112 0
-104 1112 0
-105 113 0
-105 116 0
-105 111 0
-105 112 0
-105 1113 0
-106 1114 0
-106 114 0
-106 116 0
-106 112 0
-106 1115 0
-107 1111 0
-107 116 0
-107 114 0
-107 112 0
-107 1116 0
-108 113 0
-108 114 0
-108 111 0
-108 112 0
-108 110 0
-109 1114 0
-109 117 0
-109 116 0
-109 112 0
-109 1117 0
-1010 115 0
-1010 111 0
-1010 117 0
-1010 112 0
-1010 1118 0
-1011 113 0
-1011 117 0
-1011 111 0
-1011 112 0
-1011 1119 0
-1012 1114 0
-1012 111 0
-1012 116 0
-1012 112 0
-1012 1120 0
-1013 1121 0
-1013 117 0
-1013 112 0
-1013 115 0
-1014 1111 0
-1014 117 0
-1014 114 0
-1014 112 0
-1014 1122 0
-1015 1114 0
-1015 116 0
-1015 112 0
-1015 1123 0
-1016 119 0
-1016 111 0
-1016 112 0
-1016 113 0
-1017 1114 0
-1017 117 0
-1017 116 0
-1017 112 0
-1017 1117 0
-1018 1111 0
-1018 111 0
-1018 114 0
-1018 112 0
-1018 1124 0
-1019 115 0
-1019 111 0
-1019 117 0
-1019 112 0
-1019 1118 0
-1020 1111 0
-1020 114 0
-1020 112 0
-1020 1110 0
-1021 113 0
-1021 117 0
-1021 111 0
-1021 112 0
-1021 1119 0
-1022 1114 0
-1022 111 0
-1022 116 0
-1022 112 0
-1022 1120 0
-1023 1111 0
-1023 117 0
-1023 114 0
-1023 112 0
-1023 1122 0
-1024 115 0
-1024 116 0
-1024 117 0
-1024 112 0
-1024 118 0
-1025 1111 0
-1025 111 0
-1025 114 0
-1025 112 0
-1025 1124 0
-1026 115 0
-1026 114 0
-1026 117 0
-1026 112 0
-1026 1112 0
-1027 113 0
-1027 116 0
-1027 111 0
-1027 112 0
-1027 1113 0
-1028 1123 0
-1028 116 0
-1028 112 0
-1028 1114 0
-1029 115 0
-1029 117 0
-1029 112 0
-1029 1121 0
-1030 1114 0
-1030 114 0
-1030 116 0
-1030 112 0
-1030 1115 0
-1031 1111 0
-1031 116 0
-1031 114 0
-1031 112 0
-1031 1116 0
200 201 202 203 204 205 206 207 208 209 2010 2011 2012 2013 2014 2015 2016 2017 2018 2019 2020 2021 2022 2023 2024 2025 2026 2027 2028 2029 2030 2031 0
-200 110 0
-200 111 0
-200 112 0
-201 115 0
-201 116 0
-202 113 0
-203 114 0
-203 1110 0
-203 112 0
-204 115 0
-204 114 0
-205 113 0
-205 116 0
-206 1114 0
-206 114 0
-207 1111 0
-207 116 0
-208 113 0
-208 114 0
-209 1117 0
-209 116 0
-209 112 0
-2010 1118 0
-2010 117 0
-2010 112 0
-2011 1119 0
-2011 111 0
-2011 112 0
-2012 1120 0
-2012 116 0
-2012 112 0
-2013 117 0
-2013 1121 0
-2013 112 0
-2014 1122 0
-2014 114 0
-2014 112 0
-2015 1114 0
-2016 111 0
-2016 119 0
-2016 112 0
-2017 1114 0
-2017 117 0
-2018 1124 0
-2018 114 0
-2018 112 0
-2019 115 0
-2019 111 0
-2020 1111 0
-2021 113 0
-2021 117 0
-2022 1114 0
-2022 111 0
-2023 1111 0
-2023 117 0
-2024 118 0
-2024 117 0
-2024 112 0
-2025 1111 0
-2025 111 0
-2026 1112 0
-2026 117 0
-2026 112 0
-2027 1113 0
-2027 111 0
-2027 112 0
-2028 116 0
-2028 1123 0
-2028 112 0
-2029 115 0
-2030 1115 0
-2030 116 0
-2030 112 0
-2031 1116 0
-2031 114 0
-2031 112 0
-200 213 0
-200 214 0
-200 211 0
-200 212 0
-200 210 0
-201 215 0
-201 216 0
-201 217 0
-201 212 0
-201 218 0
-202 213 0
-202 211 0
-202 212 0
-202 219 0
-203 2110 0
-203 214 0
-203 212 0
-203 2111 0
-204 215 0
-204 214 0
-204 217 0
-204 212 0
-204 2112 0
-205 213 0
-205 216 0
-205 211 0
-205 212 0
-205 2113 0
-206 2114 0
-206 214 0
-206 216 0
-206 212 0
-206 2115 0
-207 2111 0
-207 216 0
-207 214 0
-207 212 0
-207 2116 0
-208 213 0
-208 214 0
-208 211 0
-208 212 0
-208 210 0
-209 2114 0
-209 217 0
-209 216 0
-209 212 0
-209 2117 0
-2010 215 0
-2010 211 0
-2010 217 0
-2010 212 0
-2010 2118 0
-2011 213 0
-2011 217 0
-2011 211 0
-2011 212 0
-2011 2119 0
-2012 2114 0
-2012 211 0
-2012 216 0
-2012 212 0
-2012 2120 0
-2013 2121 0
-2013 217 0
-2013 212 0
-2013 215 0
-2014 2111 0
-2014 217 0
-2014 214 0
-2014 212 0
-2014 2122 0
-2015 2114 0
-2015 216 0
-2015 212 0
-2015 2123 0
-2016 219 0
-2016 211 0
-2016 212 0
-2016 213 0
-2017 2114 0
-2017 217 0
-2017 216 0
-2017 212 0
-2017 2117 0
-2018 2111 0
-2018 211 0
-2018 214 0
-2018 212 0
-2018 2124 0
-2019 215 0
-2019 211 0
-2019 217 0
-2019 212 0
-2019 2118 0
-2020 2111 0
-2020 214 0
-2020 212 0
-2020 2110 0
-2021 213 0
-2021 217 0
-2021 211 0
-2021 212 0
-2021 2119 0
-2022 2114 0
-2022 211 0
-2022 216 0
-2022 212 0
-2022 2120 0
-2023 2111 0
-2023 217 0
-2023 214 0
-2023 212 0
-2023 2122 0
-2024 215 0
-2024 216 0
-2024 217 0
-2024 212 0
-2024 218 0
-2025 2111 0
-2025 211 0
-2025 214 0
-2025 212 0
-2025 2124 0
-2026 215 0
-2026 214 0
-2026 217 0
-2026 212 0
-2026 2112 0
-2027 213 0
-2027 216 0
-2027 211 0
-2027 212 0
-2027 2113 0
-2028 2123 0
-2028 216 0
-2028 212 0
-2028 2114 0
-2029 215 0
-2029 217 0
-2029 212 0
-2029 2121 0
-2030 2114 0
-2030 214 0
-2030 216 0
-2030 212 0
-2030 2115 0
-2031 2111 0
-2031 216 0
-2031 214 0
-2031 212 0
-2031 2116 0
300 301 302 303 304 305 306 307 308 309 3010 3011 3012 3013 3014 3015 3016 3017 3018 3019 3020 3021 3022 3023 3024 3025 3026 3027 3028 3029 3030 3031 0
-300 210 0
-300 211 0
-300 212 0
-301 215 0
-301 216 0
-302 213 0
-303 214 0
-303 2110 0
-303 212 0
-304 215 0
-304 214 0
-305 213 0
-305 216 0
-306 2114 0
-306 214 0
-307 2111 0
-307 216 0
-308 213 0
-308 214 0
-309 2117 0
-309 216 0
-309 212 0
-3010 2118 0
-3010 217 0
-3010 212 0
-3011 2119 0
-3011 211 0
-3011 212 0
-3012 2120 0
-3012 216 0
-3012 212 0
-3013 217 0
-3013 2121 0
-3013 212 0
-3014 2122 0
-3014 214 0
-3014 212 0
-3015 2114 0
-3016 211 0
-3016 219 0
-3016 212 0
-3017 2114 0
-3017 217 0
-3018 2124 0
-3018 214 0
-3018 212 0
-3019 215 0
-3019 211 0
-3020 2111 0
-3021 213 0
-3021 217 0
-3022 2114 0
-3022 211 0
-3023 2111 0
-3023 217 0
-3024 218 0
-3024 217 0
-3024 212 0
-3025 2111 0
-3025 211 0
-3026 2112 0
-3026 217 0
-3026 212 0
-3027 2113 0
-3027 211 0
-3027 212 0
-3028 216 0
-3028 2123 0
-3028 212 0
-3029 215 0
-3030 2115 0
-3030 216 0
-3030 212 0
-3031 2116 0
-3031 214 0
-3031 212 0
-300 313 0
-300 314 0
-300 311 0
-300 312 0
-300 310 0
-301 315 0
-301 316 0
-301 317 0
-301 312 0
-301 318 0
-302 313 0
-302 311 0
-302 312 0
-302 319 0
-303 3110 0
-303 314 0
-303 312 0
-303 3111 0
-304 315 0
-304 314 0
-304 317 0
-304 312 0
-304 3112 0
-305 313 0
-305 316 0
-305 311 0
-305 312 0
-305 3113 0
-306 3114 0
-306 314 0
-306 316 0
-306 312 0
-306 3115 0
-307 3111 0
-307 316 0
-307 314 0
-307 312 0
-307 3116 0
-308 313 0
-308 314 0
-308 311 0
-308 312 0
-308 310 0
-309 3114 0
-309 317 0
-309 316 0
-309 312 0
-309 3117 0
-3010 315 0
-3010 311 0
-3010 317 0
-3010 312 0
-3010 3118 0
-3011 313 0
-3011 317 0
-3011 311 0
-3011 312 0
-3011 3119 0
-3012 3114 0
-3012 311 0
-3012 316 0
-3012 312 0
-3012 3120 0
-3013 3121 0
-3013 317 0
-3013 312 0
-3013 315 0
-3014 3111 0
-3014 317 0
-3014 314 0
-3014 312 0
-3014 3122 0
-3015 3114 0
-3015 316 0
-3015 312 0
-3015 3123 0
-3016 319 0
-3016 311 0
-3016 312 0
-3016 313 0
-3017 3114 0
-3017 317 0
-3017 316 0
-3017 312 0
-3017 3117 0
-3018 3111 0
-3018 311 0
-3018 314 0
-3018 312 0
-3018 3124 0
-3019 315 0
-3019 311 0
-3019 317 0
-3019 312 0
-3019 3118 0
-3020 3111 0
-3020 314 0
-3020 312 0
-3020 3110 0
-3021 313 0
-3021 317 0
-3021 311 0
-3021 312 0
-3021 3119 0
-3022 3114 0
-3022 311 0
-3022 316 0
-3022 312 0
-3022 3120 0
-3023 3111 0
-3023 317 0
-3023 314 0
-3023 312 0
-3023 3122 0
-3024 315 0
-3024 316 0
-3024 317 0
-3024 312 0
-3024 318 0
-3025 3111 0
-3025 311 0
-3025 314 0
-3025 312 0
-3025 3124 0
-3026 315 0
-3026 314 0
-3026 317 0
-3026 312 0
-3026 3112 0
-3027 313 0
-3027 316 0
-3027 311 0
-3027 312 0
-3027 3113 0
-3028 3123 0
-3028 316 0
-3028 312 0
-3028 3114 0
-3029 315 0
-3029 317 0
-3029 312 0
-3029 3121 0
-3030 3114 0
-3030 314 0
-3030 316 0
-3030 312 0
-3030 3115 0
-3031 3111 0
-3031 316 0
-3031 314 0
-3031 312 0
-3031 3116 0
400 401 402 403 404 405 406 407 408 409 4010 4011 4012 4013 4014 4015 4016 4017 4018 4019 4020 4021 4022 4023 4024 4025 4026 4027 4028 4029 4030 4031 0
-400 310 0
-400 311 0
-400 312 0
-401 315 0
-401 316 0
-402 313 0
-403 314 0
-403 3110 0
-403 312 0
-404 315 0
-404 314 0
-405 313 0
-405 316 0
-406 3114 0
-406 314 0
-407 3111 0
-407 316 0
-408 313 0
-408 314 0
-409 3117 0
-409 316 0
-409 312 0
-4010 3118 0
-4010 317 0
-4010 312 0
-4011 3119 0
-4011 311 0
-4011 312 0
-4012 3120 0
-4012 316 0
-4012 312 0
-4013 317 0
-4013 3121 0
-4013 312 0
-4014 3122 0
-4014 314 0
-4014 312 0
-4015 3114 0
-4016 311 0
-4016 319 0
-4016 312 0
-4017 3114 0
-4017 317 0
-4018 3124 0
-4018 314 0
-4018 312 0
-4019 315 0
-4019 311 0
-4020 3111 0
-4021 313 0
-4021 317 0
-4022 3114 0
-4022 311 0
-4023 3111 0
-4023 317 0
-4024 318 0
-4024 317 0
-4024 312 0
-4025 3111 0
-4025 311 0
-4026 3112 0
-4026 317 0
-4026 312 0
-4027 3113 0
-4027 311 0
-4027 312 0
-4028 316 0
-4028 3123 0
-4028 312 0
-4029 315 0
-4030 3115 0
-4030 316 0
-4030 312 0
-4031 3116 0
-4031 314 0
-4031 312 0
-400 413 0
-400 414 0
-400 411 0
-400 412 0
-400 410 0
-401 415 0
-401 416 0
-401 417 0
-401 412 0
-401 418 0
-402 413 0
-402 411 0
-402 412 0
-402 419 0
-403 4110 0
-403 414 0
-403 412 0
-403 4111 0
-404 415 0
-404 414 0
-404 417 0
-404 412 0
-404 4112 0
-405 413 0
-405 416 0
-405 411 0
-405 412 0
-405 4113 0
-406 4114 0
-406 414 0
-406 416 0
-406 412 0
-406 4115 0
-407 4111 0
-407 416 0
-407 414 0
-407 412 0
-407 4116 0
-408 413 0
-408 414 0
-408 411 0
-408 412 0
-408 410 0
-409 4114 0
-409 417 0
-409 416 0
-409 412 0
-409 4117 0
-4010 415 0
-4010 411 0
-4010 417 0
-4010 412 0
-4010 4118 0
-4011 413 0
-4011 417 0
-4011 411 0
-4011 412 0
-4011 4119 0
-4012 4114 0
-4012 411 0
-4012 416 0
-4012 412 0
-4012 4120 0
-4013 4121 0
-4013 417 0
-4013 412 0
-4013 415 0
-4014 4111 0
-4014 417 0
-4014 414 0
-4014 412 0
-4014 4122 0
-4015 4114 0
-4015 416 0
-4015 412 0
-4015 4123 0
-4016 419 0
-4016 411 0
-4016 412 0
-4016 413 0
-4017 4114 0
-4017 417 0
-4017 416 0
-4017 412 0
-4017 4117 0
-4018 4111 0
-4018 411 0
-4018 414 0
-4018 412 0
-4018 4124 0
-4019 415 0
-4019 411 0
-4019 417 0
-4019 412 0
-4019 4118 0
-4020 4111 0
-4020 414 0
-4020 412 0
-4020 4110 0
-4021 413 0
-4021 417 0
-4021 411 0
-4021 412 0
-4021 4119 0
-4022 4114 0
-4022 411 0
-4022 416 0
-4022 412 0
-4022 4120 0
-4023 4111 0
-4023 417 0
-4023 414 0
-4023 412 0
-4023 4122 0
-4024 415 0
-4024 416 0
-4024 417 0
-4024 412 0
-4024 418 0
-4025 4111 0
-4025 411 0
-4025 414 0
-4025 412 0
-4025 4124 0
-4026 415 0
-4026 414 0
-4026 417 0
-4026 412 0
-4026 4112 0
-4027 413 0
-4027 416 0
-4027 411 0
-4027 412 0
-4027 4113 0
-4028 4123 0
-4028 416 0
-4028 412 0
-4028 4114 0
-4029 415 0
-4029 417 0
-4029 412 0
-4029 4121 0
-4030 4114 0
-4030 414 0
-4030 416 0
-4030 412 0
-4030 4115 0
-4031 4111 0
-4031 416 0
-4031 414 0
-4031 412 0
-4031 4116 0
500 501 502 503 504 505 506 507 508 509 5010 5011 5012 5013 5014 5015 5016 5017 5018 5019 5020 5021 5022 5023 5024 5025 5026 5027 5028 5029 5030 5031 0
-500 410 0
-500 411 0
-500 412 0
-501 415 0
-501 416 0
-502 413 0
-503 414 0
-503 4110 0
-503 412 0
-504 415 0
-504 414 0
-505 413 0
-505 416 0
-506 4114 0
-506 414 0
-507 4111 0
-507 416 0
-508 413 0
-508 414 0
-509 4117 0
-509 416 0
-509 412 0
-5010 4118 0
-5010 417 0
-5010 412 0
-5011 4119 0
-5011 411 0
-5011 412 0
-5012 4120 0
-5012 416 0
-5012 412 0
-5013 417 0
-5013 4121 0
-5013 412 0
-5014 4122 0
-5014 414 0
-5014 412 0
-5015 4114 0
-5016 411 0
-5016 419 0
-5016 412 0
-5017 4114 0
-5017 417 0
-5018 4124 0
-5018 414 0
-5018 412 0
-5019 415 0
-5019 411 0
-5020 4111 0
-5021 413 0
-5021 417 0
-5022 4114 0
-5022 411 0
-5023 4111 0
-5023 417 0
-5024 418 0
-5024 417 0
-5024 412 0
-5025 4111 0
-5025 411 0
-5026 4112 0
-5026 417 0
-5026 412 0
-5027 4113 0
-5027 411 0
-5027 412 0
-5028 416 0
-5028 4123 0
-5028 412 0
-5029 415 0
-5030 4115 0
-5030 416 0
-5030 412 0
-5031 4116 0
-5031 414 0
-5031 412 0
-500 513 0
-500 514 0
-500 511 0
-500 512 0
-500 510 0
-501 515 0
-501 516 0
-501 517 0
-501 512 0
-501 518 0
-502 513 0
-502 511 0
-502 512 0
-502 519 0
-503 5110 0
-503 514 0
-503 512 0
-503 5111 0
-504 515 0
-504 514 0
-504 517 0
-504 512 0
-504 5112 0
-505 513 0
-505 516 0
-505 511 0
-505 512 0
-505 5113 0
-506 5114 0
-506 514 0
-506 516 0
-506 512 0
-506 5115 0
-507 5111 0
-507 516 0
-507 514 0
-507 512 0
-507 5116 0
-508 513 0
-508 514 0
-508 511 0
-508 512 0
-508 510 0
-509 5114 0
-509 517 0
-509 516 0
-509 512 0
-509 5117 0
-5010 515 0
-5010 511 0
-5010 517 0
-5010 512 0
-5010 5118 0
-5011 513 0
-5011 517 0
-5011 511 0
-5011 512 0
-5011 5119 0
-5012 5114 0
-5012 511 0
-5012 516 0
-5012 512 0
-5012 5120 0
-5013 5121 0
-5013 517 0
-5013 512 0
-5013 515 0
-5014 5111 0
-5014 517 0
-5014 514 0
-5014 512 0
-5014 5122 0
-5015 5114 0
-5015 516 0
-5015 512 0
-5015 5123 0
-5016 519 0
-5016 511 0
-5016 512 0
-5016 513 0
-5017 5114 0
-5017 517 0
-5017 516 0
-5017 512 0
-5017 5117 0
-5018 5111 0
-5018 511 0
-5018 514 0
-5018 512 0
-5018 5124 0
-5019 515 0
-5019 511 0
-5019 517 0
-5019 512 0
-5019 5118 0
-5020 5111 0
-5020 514 0
-5020 512 0
-5020 5110 0
-5021 513 0
-5021 517 0
-5021 511 0
-5021 512 0
-5021 5119 0
-5022 5114 0
-5022 511 0
-5022 516 0
-5022 512 0
-5022 5120 0
-5023 5111 0
-5023 517 0
-5023 514 0
-5023 512 0
-5023 5122 0
-5024 515 0
-5024 516 0
-5024 517 0
-5024 512 0
-5024 518 0
-5025 5111 0
-5025 511 0
-5025 514 0
-5025 512 0
-5025 5124 0
-5026 515 0
-5026 514 0
-5026 517 0
-5026 512 0
-5026 5112 0
-5027 513 0
-5027 516 0
-5027 511 0
-5027 512 0
-5027 5113 0
-5028 5123 0
-5028 516 0
-5028 512 0
-5028 5114 0
-5029 515 0
-5029 517 0
-5029 512 0
-5029 5121 0
-5030 5114 0
-5030 514 0
-5030 516 0
-5030 512 0
-5030 5115 0
-5031 5111 0
-5031 516 0
-5031 514 0
-5031 512 0
-5031 5116 0
600 601 602 603 604 605 606 607 608 609 6010 6011 6012 6013 6014 6015 6016 6017 6018 6019 6020 6021 6022 6023 6024 6025 6026 6027 6028 6029 6030 6031 0
-600 510 0
-600 511 0
-600 512 0
-601 515 0
-601 516 0
-602 513 0
-603 514 0
-603 5110 0
-603 512 0
-604 515 0
-604 514 0
-605 513 0
-605 516 0
-606 5114 0
-606 514 0
-607 5111 0
-607 516 0
-608 513 0
-608 514 0
-609 5117 0
-609 516 0
-609 512 0
-6010 5118 0
-6010 517 0
-6010 512 0
-6011 5119 0
-6011 511 0
-6011 512 0
-6012 5120 0
-6012 516 0
-6012 512 0
-6013 517 0
-6013 5121 0
-6013 512 0
-6014 5122 0
-6014 514 0
-6014 512 0
-6015 5114 0
-6016 511 0
-6016 519 0
-6016 512 0
-6017 5114 0
-6017 517 0
-6018 5124 0
-6018 514 0
-6018 512 0
-6019 515 0
-6019 511 0
-6020 5111 0
-6021 513 0
-6021 517 0
-6022 5114 0
-6022 511 0
-6023 5111 0
-6023 517 0
-6024 518 0
-6024 517 0
-6024 512 0
-6025 5111 0
-6025 511 0
-6026 5112 0
-6026 517 0
-6026 512 0
-6027 5113 0
-6027 511 0
-6027 512 0
-6028 516 0
-6028 5123 0
-6028 512 0
-6029 515 0
-6030 5115 0
-6030 516 0
-6030 512 0
-6031 5116 0
-6031 514 0
-6031 512 0
-600 613 0
-600 614 0
-600 611 0
-600 612 0
-600 610 0
-601 615 0
-601 616 0
-601 617 0
-601 612 0
-601 618 0
-602 613 0
-602 611 0
-602 612 0
-602 619 0
-603 6110 0
-603 614 0
-603 612 0
-603 6111 0
-604 615 0
-604 614 0
-604 617 0
-604 612 0
-604 6112 0
-605 613 0
-605 616 0
-605 611 0
-605 612 0
-605 6113 0
-606 6114 0
-606 614 0
-606 616 0
-606 612 0
-606 6115 0
-607 6111 0
-607 616 0
-607 614 0
-607 612 0
-607 6116 0
-608 613 0
-608 614 0
-608 611 0
-608 612 0
-608 610 0
-609 6114 0
-609 617 0
-609 616 0
-609 612 0
-609 6117 0
-6010 615 0
-6010 611 0
-6010 617 0
-6010 612 0
-6010 6118 0
-6011 613 0
-6011 617 0
-6011 611 0
-6011 612 0
-6011 6119 0
-6012 6114 0
-6012 611 0
-6012 616 0
-6012 612 0
-6012 6120 0
-6013 6121 0
-6013 617 0
-6013 612 0
-6013 615 0
-6014 6111 0
-6014 617 0
-6014 614 0
-6014 612 0
-6014 6122 0
-6015 6114 0
-6015 616 0
-6015 612 0
-6015 6123 0
-6016 619 0
-6016 611 0
-6016 612 0
-6016 613 0
-6017 6114 0
-6017 617 0
-6017 616 0
-6017 612 0
-6017 6117 0
-6018 6111 0
-6018 611 0
-6018 614 0
-6018 612 0
-6018 6124 0
-6019 615 0
-6019 611 0
-6019 617 0
-6019 612 0
-6019 6118 0
-6020 6111 0
-6020 614 0
-6020 612 0
-6020 6110 0
-6021 613 0
-6021 617 0
-6021 611 0
-6021 612 0
-6021 6119 0
-6022 6114 0
-6022 611 0
-6022 616 0
-6022 612 0
-6022 6120 0
-6023 6111 0
-6023 617 0
-6023 614 0
-6023 612 0
-6023 6122 0
-6024 615 0
-6024 616 0
-6024 617 0
-6024 612 0
-6024 618 0
-6025 6111 0
-6025 611 0
-6025 614 0
-6025 612 0
-6025 6124 0
-6026 615 0
-6026 614 0
-6026 617 0
-6026 612 0
-6026 6112 0
-6027 613 0
-6027 616 0
-6027 611 0
-6027 612 0
-6027 6113 0
-6028 6123 0
-6028 616 0
-6028 612 0
-6028 6114 0
-6029 615 0
-6029 617 0
-6029 612 0
-6029 6121 0
-6030 6114 0
-6030 614 0
-6030 616 0
-6030 612 0
-6030 6115 0
-6031 6111 0
-6031 616 0
-6031 614 0
-6031 612 0
-6031 6116 0
6124 0
6113 0
6117 0
